3.549200000000000000e+04
5.605800000000000000e+04
3.522500000000000000e+04
4.727600000000000000e+04
5.883300000000000000e+04
5.928600000000000000e+04
6.456800000000000000e+04
6.894200000000000000e+04
3.470000000000000000e+04
8.581300000000000000e+04
8.039100000000000000e+04
9.901900000000000000e+04
4.976300000000000000e+04
4.901900000000000000e+04
7.080200000000000000e+04
5.380200000000000000e+04
8.078500000000000000e+04
7.345400000000000000e+04
7.358100000000000000e+04
3.972200000000000000e+04
5.265500000000000000e+04
6.074900000000000000e+04
7.150700000000000000e+04
8.020800000000000000e+04
3.537500000000000000e+04
6.544400000000000000e+04
7.374000000000000000e+04
7.407000000000000000e+04
7.417100000000000000e+04
7.574000000000000000e+04
9.023300000000000000e+04
4.525700000000000000e+04
6.041700000000000000e+04
7.010300000000000000e+04
7.505700000000000000e+04
4.231000000000000000e+04
6.095400000000000000e+04
6.360900000000000000e+04
6.955900000000000000e+04
7.227400000000000000e+04
7.422400000000000000e+04
7.866400000000000000e+04
8.080200000000000000e+04
5.665100000000000000e+04
5.874600000000000000e+04
6.005900000000000000e+04
3.989200000000000000e+04
4.890900000000000000e+04
5.373600000000000000e+04
5.415700000000000000e+04
5.431100000000000000e+04
5.671600000000000000e+04
5.719100000000000000e+04
6.633600000000000000e+04
7.902700000000000000e+04
5.405100000000000000e+04
5.844200000000000000e+04
7.141000000000000000e+04
7.557300000000000000e+04
3.250600000000000000e+04
5.579100000000000000e+04
5.844300000000000000e+04
4.770000000000000000e+04
4.873200000000000000e+04
5.596300000000000000e+04
7.470600000000000000e+04
2.870400000000000000e+04
4.681900000000000000e+04
4.707100000000000000e+04
5.506700000000000000e+04
7.118900000000000000e+04
7.795900000000000000e+04
9.832000000000000000e+04
5.978500000000000000e+04
6.437800000000000000e+04
6.478400000000000000e+04
7.634000000000000000e+04
7.866300000000000000e+04
8.008800000000000000e+04
8.465100000000000000e+04
3.282200000000000000e+04
3.636900000000000000e+04
3.651200000000000000e+04
6.359900000000000000e+04
7.191900000000000000e+04
3.453200000000000000e+04
3.625600000000000000e+04
4.237800000000000000e+04
5.742800000000000000e+04
6.260700000000000000e+04
6.493900000000000000e+04
7.695700000000000000e+04
9.612000000000000000e+04
3.822100000000000000e+04
4.455500000000000000e+04
4.822600000000000000e+04
5.286100000000000000e+04
3.212700000000000000e+04
6.878600000000000000e+04
9.102400000000000000e+04
9.065900000000000000e+04
4.883900000000000000e+04
5.385300000000000000e+04
5.806000000000000000e+04
7.816700000000000000e+04
5.264100000000000000e+04
6.614000000000000000e+04
7.059100000000000000e+04
8.265300000000000000e+04
4.770900000000000000e+04
5.315300000000000000e+04
6.513500000000000000e+04
3.651800000000000000e+04
4.617100000000000000e+04
5.687300000000000000e+04
6.710200000000000000e+04
7.417600000000000000e+04
3.507200000000000000e+04
4.823000000000000000e+04
6.519000000000000000e+04
8.516800000000000000e+04
5.497700000000000000e+04
3.575100000000000000e+04
5.353800000000000000e+04
5.785700000000000000e+04
5.811800000000000000e+04
6.029500000000000000e+04
7.156600000000000000e+04
7.736200000000000000e+04
7.799300000000000000e+04
7.487300000000000000e+04
7.864900000000000000e+04
8.810900000000000000e+04
9.600300000000000000e+04
4.022200000000000000e+04
3.696900000000000000e+04
7.226300000000000000e+04
3.821900000000000000e+04
6.188900000000000000e+04
6.422300000000000000e+04
6.674000000000000000e+04
7.447000000000000000e+04
4.712900000000000000e+04
5.611200000000000000e+04
5.849500000000000000e+04
8.273800000000000000e+04
6.615800000000000000e+04
4.269000000000000000e+04
7.695700000000000000e+04
6.869600000000000000e+04
7.369200000000000000e+04
4.942000000000000000e+04
4.910500000000000000e+04
5.347300000000000000e+04
7.800200000000000000e+04
7.998700000000000000e+04
3.633500000000000000e+04
8.913800000000000000e+04
6.071200000000000000e+04
6.169200000000000000e+04
6.281600000000000000e+04
8.550200000000000000e+04
4.170000000000000000e+04
4.449300000000000000e+04
5.039600000000000000e+04
5.278900000000000000e+04
5.408000000000000000e+04
5.572500000000000000e+04
6.980800000000000000e+04
7.871400000000000000e+04
8.243600000000000000e+04
5.065900000000000000e+04
5.215400000000000000e+04
5.558300000000000000e+04
6.415500000000000000e+04
8.196100000000000000e+04
8.401600000000000000e+04
3.645500000000000000e+04
5.472500000000000000e+04
5.559400000000000000e+04
6.082200000000000000e+04
8.001300000000000000e+04
8.548000000000000000e+04
4.604300000000000000e+04
5.622200000000000000e+04
6.315400000000000000e+04
6.414600000000000000e+04
7.268900000000000000e+04
4.560800000000000000e+04
5.667100000000000000e+04
5.312000000000000000e+04
6.203500000000000000e+04
7.955500000000000000e+04
4.592500000000000000e+04
5.911900000000000000e+04
4.636400000000000000e+04
5.835100000000000000e+04
7.899700000000000000e+04
8.041500000000000000e+04
5.659700000000000000e+04
4.439600000000000000e+04
6.614300000000000000e+04
5.617300000000000000e+04
4.919600000000000000e+04
4.444100000000000000e+04
4.351300000000000000e+04
3.426100000000000000e+04
6.178200000000000000e+04
4.113000000000000000e+04
5.591600000000000000e+04
5.880200000000000000e+04
6.680500000000000000e+04
3.965300000000000000e+04
5.152000000000000000e+04
6.547200000000000000e+04
4.396600000000000000e+04
5.314100000000000000e+04
6.157800000000000000e+04
6.351600000000000000e+04
4.922400000000000000e+04
6.404700000000000000e+04
6.434700000000000000e+04
4.746500000000000000e+04
4.532100000000000000e+04
4.439100000000000000e+04
6.130200000000000000e+04
6.674900000000000000e+04
4.040700000000000000e+04
4.100500000000000000e+04
4.349400000000000000e+04
4.669100000000000000e+04
6.641900000000000000e+04
6.798600000000000000e+04
6.093700000000000000e+04
5.627100000000000000e+04
5.640000000000000000e+04
5.277300000000000000e+04
6.087600000000000000e+04
6.563800000000000000e+04
4.610100000000000000e+04
6.544500000000000000e+04
4.822600000000000000e+04
5.983300000000000000e+04
4.986000000000000000e+04
5.861600000000000000e+04
4.987000000000000000e+04
5.280100000000000000e+04
5.049500000000000000e+04
5.030200000000000000e+04
6.529400000000000000e+04
6.710300000000000000e+04
6.748900000000000000e+04
5.156200000000000000e+04
5.206600000000000000e+04
6.038000000000000000e+04
3.200900000000000000e+04
3.373600000000000000e+04
3.177100000000000000e+04
4.471300000000000000e+04
2.920800000000000000e+04
4.174900000000000000e+04
2.912500000000000000e+04
2.445400000000000000e+04
3.423100000000000000e+04
2.865200000000000000e+04
2.285800000000000000e+04
3.913800000000000000e+04
4.604700000000000000e+04
4.087700000000000000e+04
3.038800000000000000e+04
4.077400000000000000e+04
2.830700000000000000e+04
3.138200000000000000e+04
4.459300000000000000e+04
6.531500000000000000e+04
6.841300000000000000e+04
2.978000000000000000e+04
3.501200000000000000e+04
3.060900000000000000e+04
2.481000000000000000e+04
5.798400000000000000e+04
2.975700000000000000e+04
7.096700000000000000e+04
3.189800000000000000e+04
2.731500000000000000e+04
2.713400000000000000e+04
2.467600000000000000e+04
2.622500000000000000e+04
2.639300000000000000e+04
2.580000000000000000e+04
3.881900000000000000e+04
2.879000000000000000e+04
3.893200000000000000e+04
8.003600000000000000e+04
2.267800000000000000e+04
3.553000000000000000e+04
2.423500000000000000e+04
8.028500000000000000e+04
6.019700000000000000e+04
4.354400000000000000e+04
3.877500000000000000e+04
2.944200000000000000e+04
2.590000000000000000e+04
3.400300000000000000e+04
4.280100000000000000e+04
2.518300000000000000e+04
3.306400000000000000e+04
2.567000000000000000e+04
3.160400000000000000e+04
4.462000000000000000e+04
3.005400000000000000e+04
3.466600000000000000e+04
3.011700000000000000e+04
3.289200000000000000e+04
2.600700000000000000e+04
2.825700000000000000e+04
4.551500000000000000e+04
2.527100000000000000e+04
2.431500000000000000e+04
2.887200000000000000e+04
2.510300000000000000e+04
2.986800000000000000e+04
4.856500000000000000e+04
5.660600000000000000e+04
3.335000000000000000e+04
2.598800000000000000e+04
3.929800000000000000e+04
3.601100000000000000e+04
4.255100000000000000e+04
5.137100000000000000e+04
2.531000000000000000e+04
3.679400000000000000e+04
2.582200000000000000e+04
2.444900000000000000e+04
2.750400000000000000e+04
2.565600000000000000e+04
8.002100000000000000e+04
2.189900000000000000e+04
2.744900000000000000e+04
2.927400000000000000e+04
2.665400000000000000e+04
3.349300000000000000e+04
6.685100000000000000e+04
3.074200000000000000e+04
2.813700000000000000e+04
3.876700000000000000e+04
3.634300000000000000e+04
3.030100000000000000e+04
3.544000000000000000e+04
3.032000000000000000e+04
2.685500000000000000e+04
2.263800000000000000e+04
3.938900000000000000e+04
3.517400000000000000e+04
6.095200000000000000e+04
3.472500000000000000e+04
4.428200000000000000e+04
7.297000000000000000e+04
8.420700000000000000e+04
5.161200000000000000e+04
8.527000000000000000e+04
1.103030000000000000e+05
5.190000000000000000e+04
9.895800000000000000e+04
1.043810000000000000e+05
2.462580000000000000e+05
6.413100000000000000e+04
1.842010000000000000e+05
8.126400000000000000e+04
7.925600000000000000e+04
7.657100000000000000e+04
3.775800000000000000e+04
8.170800000000000000e+04
1.369360000000000000e+05
9.669700000000000000e+04
8.004300000000000000e+04
9.470200000000000000e+04
6.390200000000000000e+04
7.837300000000000000e+04
1.152030000000000000e+05
6.135800000000000000e+04
1.925670000000000000e+05
9.393600000000000000e+04
8.437900000000000000e+04
8.436700000000000000e+04
1.423700000000000000e+05
1.134470000000000000e+05
1.164260000000000000e+05
1.800810000000000000e+05
1.843150000000000000e+05
2.240490000000000000e+05
2.219330000000000000e+05
1.816710000000000000e+05
1.942460000000000000e+05
1.171550000000000000e+05
1.238980000000000000e+05
1.155650000000000000e+05
1.490190000000000000e+05
1.340610000000000000e+05
2.736330000000000000e+05
2.730670000000000000e+05
2.628940000000000000e+05
3.434460000000000000e+05
4.188880000000000000e+05
3.026500000000000000e+05
4.311580000000000000e+05
4.137540000000000000e+05
4.192220000000000000e+05
1.668700000000000000e+05
3.959400000000000000e+05
3.273820000000000000e+05
2.950100000000000000e+04
8.484700000000000000e+05
8.540000000000000000e+04
9.505700000000000000e+04
7.301200000000000000e+04
5.745000000000000000e+04
2.907800000000000000e+04
4.321700000000000000e+04
1.076420000000000000e+05
6.394000000000000000e+04
7.480100000000000000e+04
7.304000000000000000e+04
2.645500000000000000e+04
6.353500000000000000e+04
3.774400000000000000e+04
6.657600000000000000e+04
7.266100000000000000e+04
7.339600000000000000e+04
7.977000000000000000e+04
2.569200000000000000e+04
6.845500000000000000e+04
2.570500000000000000e+04
7.423200000000000000e+04
5.043100000000000000e+04
5.362500000000000000e+04
6.430100000000000000e+04
8.502000000000000000e+04
6.654100000000000000e+04
5.784100000000000000e+04
1.330060000000000000e+05
8.540100000000000000e+04
8.689900000000000000e+04
7.680600000000000000e+04
7.900800000000000000e+04
8.067900000000000000e+04
8.915400000000000000e+04
7.387100000000000000e+04
5.866800000000000000e+04
4.415700000000000000e+04
6.820100000000000000e+04
8.719900000000000000e+04
6.553900000000000000e+04
1.782090000000000000e+05
1.496480000000000000e+05
9.705800000000000000e+04
1.527590000000000000e+05
1.354890000000000000e+05
1.104100000000000000e+05
1.286140000000000000e+05
1.627110000000000000e+05
1.214850000000000000e+05
1.390030000000000000e+05
3.718100000000000000e+04
3.395200000000000000e+04
1.829400000000000000e+05
1.951830000000000000e+05
1.101250000000000000e+05
1.769950000000000000e+05
1.970600000000000000e+05
7.095000000000000000e+04
1.622180000000000000e+05
1.604940000000000000e+05
3.009770000000000000e+05
1.898460000000000000e+05
1.864970000000000000e+05
2.082480000000000000e+05
2.754590000000000000e+05
2.592220000000000000e+05
7.404900000000000000e+04
1.557480000000000000e+05
9.619300000000000000e+04
9.778400000000000000e+04
1.577720000000000000e+05
1.886160000000000000e+05
1.996680000000000000e+05
7.862000000000000000e+04
1.164300000000000000e+05
6.983200000000000000e+04
1.020760000000000000e+05
1.903290000000000000e+05
1.673100000000000000e+05
1.975050000000000000e+05
1.688360000000000000e+05
1.641070000000000000e+05
1.711530000000000000e+05
1.880900000000000000e+05
2.432870000000000000e+05
2.917300000000000000e+04
7.958200000000000000e+04
9.830400000000000000e+04
1.041400000000000000e+05
7.180000000000000000e+04
1.235140000000000000e+05
9.348900000000000000e+04
1.249350000000000000e+05
1.694290000000000000e+05
1.782900000000000000e+05
3.039010000000000000e+05
3.070720000000000000e+05
6.675000000000000000e+04
8.147700000000000000e+04
1.911190000000000000e+05
3.037950000000000000e+05
1.739160000000000000e+05
9.174700000000000000e+04
1.158790000000000000e+05
1.164530000000000000e+05
1.204690000000000000e+05
1.865940000000000000e+05
1.866260000000000000e+05
9.641200000000000000e+04
9.581700000000000000e+04
1.874750000000000000e+05
2.813690000000000000e+05
7.639480000000000000e+05
9.651640000000000000e+05
2.015810000000000000e+05
2.124670000000000000e+05
9.780400000000000000e+04
1.020550000000000000e+05
1.294360000000000000e+05
1.781920000000000000e+05
1.134500000000000000e+05
1.823550000000000000e+05
1.243770000000000000e+05
2.481820000000000000e+05
5.712900000000000000e+04
2.754240000000000000e+05
8.378840000000000000e+05
1.143070000000000000e+05
5.306400000000000000e+04
9.019780000000000000e+05
8.332200000000000000e+04
1.803570000000000000e+05
6.037500000000000000e+04
1.283670000000000000e+05
1.304320000000000000e+05
1.873960000000000000e+05
5.539500000000000000e+04
1.222320000000000000e+05
2.178830000000000000e+05
1.560600000000000000e+05
1.780470000000000000e+05
1.340240000000000000e+05
1.372680000000000000e+05
1.396910000000000000e+05
1.055970000000000000e+05
3.022800000000000000e+04
2.411800000000000000e+04
2.652800000000000000e+04
3.209200000000000000e+04
3.683800000000000000e+04
1.876300000000000000e+04
3.192800000000000000e+04
3.174600000000000000e+04
2.284000000000000000e+04
3.605500000000000000e+04
3.193700000000000000e+04
2.807900000000000000e+04
3.055700000000000000e+04
4.244200000000000000e+04
3.126200000000000000e+04
3.709600000000000000e+04
3.495600000000000000e+04
2.825300000000000000e+04
3.366300000000000000e+04
3.665800000000000000e+04
3.138500000000000000e+04
3.748100000000000000e+04
4.644700000000000000e+04
4.600600000000000000e+04
4.531400000000000000e+04
3.386200000000000000e+04
5.827600000000000000e+04
2.604900000000000000e+04
3.924500000000000000e+04
3.527800000000000000e+04
4.181400000000000000e+04
3.777000000000000000e+04
5.245200000000000000e+04
5.986000000000000000e+04
2.846600000000000000e+04
2.900900000000000000e+04
4.007200000000000000e+04
3.105300000000000000e+04
4.765600000000000000e+04
3.785100000000000000e+04
2.935500000000000000e+04
3.482800000000000000e+04
4.237900000000000000e+04
3.105200000000000000e+04
3.911800000000000000e+04
4.222800000000000000e+04
3.833900000000000000e+04
2.120400000000000000e+04
4.197000000000000000e+04
3.680900000000000000e+04
4.752600000000000000e+04
5.290700000000000000e+04
5.368500000000000000e+04
4.969200000000000000e+04
3.936600000000000000e+04
3.335900000000000000e+04
2.511700000000000000e+04
2.526800000000000000e+04
3.830300000000000000e+04
2.822400000000000000e+04
2.902100000000000000e+04
2.526800000000000000e+04
2.358700000000000000e+04
5.853700000000000000e+04
3.590600000000000000e+04
2.217000000000000000e+04
2.783500000000000000e+04
2.911600000000000000e+04
3.580200000000000000e+04
3.184300000000000000e+04
2.296200000000000000e+04
2.470900000000000000e+04
2.572000000000000000e+04
2.842300000000000000e+04
3.565900000000000000e+04
5.103800000000000000e+04
2.190800000000000000e+04
3.109100000000000000e+04
3.524500000000000000e+04
9.383100000000000000e+04
4.530300000000000000e+04
4.901700000000000000e+04
3.350900000000000000e+04
2.339400000000000000e+04
3.031300000000000000e+04
3.833500000000000000e+04
4.309200000000000000e+04
4.749600000000000000e+04
3.717600000000000000e+04
4.580400000000000000e+04
4.903200000000000000e+04
5.393200000000000000e+04
2.504300000000000000e+04
3.124600000000000000e+04
4.885900000000000000e+04
2.360200000000000000e+04
3.589100000000000000e+04
3.510800000000000000e+04
5.460200000000000000e+04
6.228500000000000000e+04
7.031300000000000000e+04
3.473300000000000000e+04
4.962700000000000000e+04
3.503800000000000000e+04
2.385700000000000000e+04
3.138400000000000000e+04
3.128600000000000000e+04
3.295600000000000000e+04
3.913300000000000000e+04
4.349200000000000000e+04
3.234700000000000000e+04
3.764900000000000000e+04
8.068100000000000000e+04
3.226400000000000000e+04
3.097700000000000000e+04
3.487100000000000000e+04
5.334500000000000000e+04
3.138500000000000000e+04
3.277300000000000000e+04
5.259900000000000000e+04
3.316000000000000000e+04
3.703900000000000000e+04
4.478400000000000000e+04
4.055500000000000000e+04
4.824800000000000000e+04
8.603100000000000000e+04
3.868200000000000000e+04
2.805700000000000000e+04
3.118300000000000000e+04
1.140950000000000000e+05
1.146460000000000000e+05
5.755000000000000000e+04
4.236000000000000000e+04
2.715400000000000000e+04
1.261120000000000000e+05
3.891000000000000000e+04
6.528500000000000000e+04
4.193200000000000000e+04
8.242300000000000000e+04
7.799600000000000000e+04
1.040320000000000000e+05
8.848800000000000000e+04
1.190290000000000000e+05
5.212200000000000000e+04
3.533200000000000000e+04
7.407000000000000000e+04
5.116600000000000000e+04
5.643600000000000000e+04
3.780500000000000000e+04
4.109400000000000000e+04
6.984700000000000000e+04
3.846900000000000000e+04
4.812600000000000000e+04
3.121800000000000000e+04
4.948400000000000000e+04
4.164900000000000000e+04
6.510400000000000000e+04
5.112500000000000000e+04
6.584000000000000000e+04
1.114970000000000000e+05
6.925700000000000000e+04
9.279500000000000000e+04
4.652200000000000000e+04
2.793820000000000000e+05
8.105900000000000000e+04
6.370100000000000000e+04
1.405800000000000000e+05
4.146700000000000000e+04
2.096200000000000000e+05
3.298300000000000000e+04
3.361700000000000000e+04
2.806200000000000000e+04
3.008400000000000000e+04
4.171200000000000000e+04
